0.9882487913414354
-0.07663799205776056
0.13006981772662857
0.013979589811696226
0.01598250578350263
0.009741638062757157
0.003654414132381116
0.0019565784701421262
0.0013342562432898952
0.0018832038350045175
1.7754302927019016e-05
-0.000819033093673447
0.0010378927408281463
0.0008280002439798006
-0.0009183534430587546
-0.00023840924507425326
0.0008395666678304236
-3.4369214765259364e-05
-0.0005146212194855943
0.00019567259873515635
0.00025829797032360564
-0.0001844738456364043
-7.558533586062099e-05
0.0001249129146080108
-3.9245759195743435e-06
-5.891865033820379e-05
2.5415437962988246e-05
1.9112165504767896e-05
-1.9278162371296947e-05
-2.095451929641437e-06
1.059001748099395e-05
-3.3652616999350997e-07
-7.5028102792307175e-06
-1.166720071513511e-06
1.1151279045496385e-05
4.866510904583317e-07
-1.830974795868348e-05
5.251449691191414e-06
2.5375378923534735e-05
-1.5909319615794974e-05
-2.923721636373616e-05
2.9738362273146322e-05
2.809524162091208e-05
-4.4087170173509466e-05
-2.1524222398996442e-05
5.622884312163724e-05
1.043344828691706e-05
-6.394684190028999e-05
3.31322020349055e-06
6.600484347586987e-05
-1.7395018402439903e-05
-6.230897177275976e-05
2.9604457730709767e-05
5.381499999014139e-05
-3.828616302444938e-05
-4.217998299641977e-05
4.2615519861280974e-05
2.935290263727894e-05
-4.259444852816302e-05
-1.7107457425354787e-05
3.896212674399877e-05
6.8244532840846635e-06
-3.2816863471959094e-05
8.004590276815643e-07
2.551873806528539e-05
-5.491062971075572e-06
-1.809765165177145e-05
7.725408551014203e-06
1.1684370211413553e-05
-7.771963917383128e-06
-6.384605316007048e-06
6.912968713885809e-06
3.1397634751371555e-06
-4.8438140281114955e-06
-5.25011352957931e-07
3.911183354305738e-06
5.67398855943775e-07
-1.4692387943089925e-06
1.1487173336580266e-06
3.5604628549413566e-06
