Ground state wfc
0 0.9882770211763428
1 -3.075742533805448e-05
2 0.24761490082440787
3 0.08154447591549302
4 0.03805304298368177
5 0.05176982749825622
6 0.02768436635780263
Excited state wfc
0 0.5401773165954594
1 0.1341062820567904
2 0.6739050185097173
3 0.4954362795709547
4 0.43443749575413476
5 0.6173299566439657
6 0.5047645325393219
7 0.28304180201351137
8 0.26890472333801235
9 0.37317568862241296
10 0.3988205844267816
11 0.3694831713171881
12 0.24695472987154338
13 0.18342375001966713
14 0.2711006325562796
15 0.3702690950399027
16 0.30084670413256787
17 0.14640650212686232
18 0.19291363976713813
19 0.2982086732721425
20 0.23951952353895775
21 0.1539613020675794
22 0.21271130337447108
23 0.23059632837317423
24 0.16126507342958118
25 0.19069639158353613
26 0.20503174139368083
27 0.1643071123702236
28 0.17066680937544576
29 0.16385260730608475
30 0.1465671302823124
31 0.14168764863869268
32 0.12689667571192523
33 0.11724177153482046
34 0.1132994412981181
35 0.10636600814000532
36 0.0950410227736844
37 0.09593386528962035
38 0.09330264442105553
39 0.10030602905940153
40 0.10470564191059772
41 0.11011902853668307
42 0.12186435172228614
43 0.12747481997887727
44 0.13623514883983123
45 0.13438343833598126
46 0.13337816457282162
47 0.13144734399554442
48 0.12778381682703008
49 0.1288123640273733
50 0.1345053371648785
51 0.12887111133854592
52 0.11719571479309132
53 0.10278055211422352
54 0.09009215559548686
55 0.059362729424017116
56 0.05216579125725261
57 0.02247352212615502
58 0.016588843843318674
59 0.0029065680139045923
60 -0.015202862139933352
61 -0.020280523449638415
62 -0.014386889339624728
63 0.0072866613799406395
64 0.00906294759541458
65 -0.0034414664132664183
66 -0.007914714576082935
67 -0.009153320572845996
68 0.0029713447651503366
69 0.004960118662133083
70 0.012334964757676738
71 0.025943763549790833
72 0.022829087179699586
73 -0.03250587062956808
74 -0.0610827747382267
75 -0.06934377396121469
76 -0.14252464671898862
77 -0.14996746982261405
78 -0.09437378346308456
79 -0.0634185324786996
Ground state wfc
0 0.9882770211763428
1 -3.075742533805448e-05
2 0.24761490082440787
3 0.08154447591549302
4 0.03805304298368177
5 0.05176982749825622
6 0.02768436635780263
Excited state wfc
0 0.5401773165954594
1 0.1341062820567904
2 0.6739050185097173
3 0.4954362795709547
4 0.43443749575413476
5 0.6173299566439657
6 0.5047645325393219
7 0.28304180201351137
8 0.26890472333801235
9 0.37317568862241296
10 0.3988205844267816
11 0.3694831713171881
12 0.24695472987154338
13 0.18342375001966713
14 0.2711006325562796
15 0.3702690950399027
16 0.30084670413256787
17 0.14640650212686232
18 0.19291363976713813
19 0.2982086732721425
20 0.23951952353895775
21 0.1539613020675794
22 0.21271130337447108
23 0.23059632837317423
24 0.16126507342958118
25 0.19069639158353613
26 0.20503174139368083
27 0.1643071123702236
28 0.17066680937544576
29 0.16385260730608475
30 0.1465671302823124
31 0.14168764863869268
32 0.12689667571192523
33 0.11724177153482046
34 0.1132994412981181
35 0.10636600814000532
36 0.0950410227736844
37 0.09593386528962035
38 0.09330264442105553
39 0.10030602905940153
40 0.10470564191059772
41 0.11011902853668307
42 0.12186435172228614
43 0.12747481997887727
44 0.13623514883983123
45 0.13438343833598126
46 0.13337816457282162
47 0.13144734399554442
48 0.12778381682703008
49 0.1288123640273733
50 0.1345053371648785
51 0.12887111133854592
52 0.11719571479309132
53 0.10278055211422352
54 0.09009215559548686
55 0.059362729424017116
56 0.05216579125725261
57 0.02247352212615502
58 0.016588843843318674
59 0.0029065680139045923
60 -0.015202862139933352
61 -0.020280523449638415
62 -0.014386889339624728
63 0.0072866613799406395
64 0.00906294759541458
65 -0.0034414664132664183
66 -0.007914714576082935
67 -0.009153320572845996
68 0.0029713447651503366
69 0.004960118662133083
70 0.012334964757676738
71 0.025943763549790833
72 0.022829087179699586
73 -0.03250587062956808
74 -0.0610827747382267
75 -0.06934377396121469
76 -0.14252464671898862
77 -0.14996746982261405
78 -0.09437378346308456
79 -0.0634185324786996
