0 0.5606220361709213      0.5297514455392905	     0.5424929368182438	
1 0.11536926892595772	  0.11841259712440658	     0.16971645678379232	
2 0.6534790294126082	  0.6577660062825852	     0.6698606835789128	
3 0.33231659699259297	  0.36463952704475533	     0.4164571026722985	
4 0.48017003350969856	  0.5221276306053755	     0.5559054922338641	
5 0.5559676261165554	  0.5910616638895971	     0.5944391806738687	
6 0.352937418663272	  0.3918179692885157	     0.41529125615045803	
7 0.21013628483066754	  0.2413672175091771	     0.2649481465718622	
8 0.4129681198721792	  0.43996430202760894	     0.44655376869279084	
9 0.4185724666370582	  0.4410144244370489	     0.4400405904194496	
10 0.25243141720551576	   0.27328052666690467	      0.2811269208493311	
11 0.15894179297702626	   0.17629851590895657	      0.18689821994523892	
12 0.24510994646286027	   0.26021285523074067	      0.2653679652016051	
13 0.3305672874800536	   0.3412142957862506	      0.3397037629980144	
14 0.304890599205487	   0.3159367580587146	      0.3145780633684641	
15 0.18573757740181496	   0.19776053042410624	      0.19924080023282167	
16 0.12685858266026118	   0.13918917425131686	      0.14023500058584337	
17 0.19733098724346834	   0.20783902747465802	      0.2076289353119617	
18 0.27356689210615454	   0.2817160230535401	      0.2816167966639117	
19 0.20535294197680098	   0.21353399677527143	      0.21176711742342272	
20 0.1257145630938028	   0.13417938085798228	      0.13003143868231398	
21 0.18582305442283678	   0.1927180618854925	      0.19135317957540018	
22 0.20884837131347134	   0.21283171417035124	      0.21297962236982673	
23 0.15133946603326637	   0.1559763220982428	      0.15085088494989277	
24 0.15278579171661333	   0.15811328247025158	      0.152387409314284	
25 0.17795527827153412	   0.18038576101099812	      0.17988952985658369	
26 0.16129653053964083	   0.16389535905185218	      0.16067435171150457	
27 0.13962715800395903	   0.14039000312491234	      0.13614919551475857	
28 0.1494821024394038	   0.14741871734990303	      0.14563279666290863	
29 0.1504435477610256	   0.147456707328335	      0.14358439566678155	
30 0.13378894552880594	   0.1301264118088331	      0.12416171861712938	
31 0.12323156505467531	   0.1189375748530977	      0.11345842803926283	
32 0.12488217273835636	   0.12009299436354905	      0.11488383622989137	
33 0.11187828818377327	   0.10613961223296861	      0.10106563092014847	
34 0.09566927741406586	   0.08949503923403859	      0.08525621095625	
35 0.09421743887334487	   0.08749086825417474	      0.08321207454944579	
36 0.09180829530887737	   0.08446717849408283	      0.07977229492252104	
37 0.08509133438506056	   0.07720275331179194	      0.0727511155384939	
38 0.07031643003520201	   0.062438714583220284	      0.05780433644429074	
39 0.07173259404401307	   0.06471322921693097	      0.05876182323815071	
40 0.0742474842249897	   0.06885487913250499	      0.06179434652590452	
41 0.07587194250820743	   0.07213955452445289	      0.06597075243413768	
42 0.08307439206447483	   0.08016079558495925	      0.07590750099350092	
43 0.09237733753102334	   0.08836282954195257	      0.08685751939242242	
44 0.10565029070599836	   0.09983477753494051	      0.09980108130838239	
45 0.11119681962528852	   0.10286231746307764	      0.10426851857618367	
46 0.11018635871075524	   0.09894859357395921	      0.10176085019399134	
47 0.1157299280429602	   0.10166192937741741	      0.10366404237919424	
48 0.11270262651067395	   0.09679769355360335	      0.09692422924384608	
49 0.1159795686149702	   0.09867307455952415	      0.09512323150306704	
50 0.12383215944762382	   0.10713544410102471	      0.1000789535365998	
51 0.13835080663088803	   0.12309963117282602	      0.11179850413433735	
52 0.1355532070724666	   0.1219536951704079	      0.10957209200781437	
53 0.11592612408854872	   0.10303474970923318	      0.09196015143171751	
54 0.09483625618884549	   0.08272862022176948	      0.07499094908017875	
55 0.074065579415602	   0.061962902405446274	      0.05691730370137058	
56 0.04378592522903641	   0.03262822006000543	      0.030849272743292692	
57 0.03473208572898776	   0.023977067721947472	      0.022749828498997246	
58 0.005818279901015181	   0.004167552293195627	      0.007089380403300149
59 0.008980601156736993	   0.01895667754762052	      0.02172621160402413	
60 0.009514045011539154	   0.020425352405193182	      0.021998524506666853
61 0.021210837751123923	   0.009260773096209759	      0.006248732083751683	
62 0.02296959973281136	   0.01060731726361656	      0.006466200470271726	
63 0.020509073029783283	   0.009904914267468343	      0.0064692173743138535
64 0.006970311533780242	   0.017024930887669692	      0.018231910344740657
65 0.010927773514707563	   0.000763749468505642	      0.00451991422219977	
66 0.042518953404011794	   0.028927753795168733	      0.027840225482992385	
67 0.05998490914835666	   0.04713735318625469	      0.03627327601415354	
68 0.030753994059748747	   0.015852925111739496	      0.010488808531140259	
69 0.00015334839320652272  0.014863677788797349	      0.01400875540645495	
70 0.014553625195510456	   0.028492151767811086	      0.022915516956418903
71 0.019738024654041914	   0.03170086139669674	      0.024000766829643357
72 0.04089273553316136	   0.044778023065104824	      0.04159068982137801	
73 0.08088340893531185	   0.08188247612219476	      0.08574436426429631	
74 0.08539935622164849	   0.09231099055603813	      0.10127090484025915	
75 0.06834039662999083	   0.08099863286263836	      0.08852937772167163	
76 0.04621887873810472	   0.05953502190635404	      0.06460973574873881	
77 0.011339577796178505	   0.021534862715286547	      0.026235770930759073
78 0.016425815086670764	   0.02337099712527586	      0.02137966569784231	
79 0.028796864713512806	   0.034003996383776054	      0.035570001983753693

